version https://git-lfs.github.com/spec/v1
oid sha256:3648e7ed13893b762619592b35614a0f34ccae14d201d1865206cb285a3220af
size 42580591
